LIST 
{ OFF
8 6 12
30.250000 0.250000 0.250000
-0.250000 0.250000 0.250000
-0.250000 0.250000 -0.250000
30.250000 0.250000 -0.250000
30.250000 -0.250000 -0.250000
-0.250000 -0.250000 -0.250000
-0.250000 -0.250000 0.250000
30.250000 -0.250000 0.250000

4 0 1 2 3 255 0 0
4 1 6 5 2 255 0 0
4 6 5 4 7 255 0 0
4 4 3 0 7 255 0 0
4 0 1 6 7 255 0 0
4 3 2 5 4 255 0 0
}

{ OFF
8 6 12
0.250000 30.250000 0.250000
-0.250000 30.250000 0.250000
-0.250000 30.250000 -0.250000
0.250000 30.250000 -0.250000
0.250000 -0.250000 -0.250000
-0.250000 -0.250000 -0.250000
-0.250000 -0.250000 0.250000
0.250000 -0.250000 0.250000

4 0 1 2 3 0 255 0
4 1 6 5 2 0 255 0
4 6 5 4 7 0 255 0
4 4 3 0 7 0 255 0
4 0 1 6 7 0 255 0
4 3 2 5 4 0 255 0
}

{ OFF
8 6 12
0.250000 0.250000 30.250000
-0.250000 0.250000 30.250000
-0.250000 0.250000 -0.250000
0.250000 0.250000 -0.250000
0.250000 -0.250000 -0.250000
-0.250000 -0.250000 -0.250000
-0.250000 -0.250000 30.250000
0.250000 -0.250000 30.250000

4 0 1 2 3 0 0 255
4 1 6 5 2 0 0 255
4 6 5 4 7 0 0 255
4 4 3 0 7 0 0 255
4 0 1 6 7 0 0 255
4 3 2 5 4 0 0 255
}

{ OFF
8 6 12
0 0 0
1 0 0
1 0 1
0 0 1
0 1 1
1 1 1
1 1 0
0 1 0

4 0 1 2 3 40 40 40
4 1 6 5 2 40 40 40
4 6 5 4 7 40 40 40
4 4 3 0 7 40 40 40
4 0 1 6 7 40 40 40
4 3 2 5 4 40 40 40
}

{ OFF
4 1 4
0 0 0
1 0 0
1 1 0
0 1 0

4 0 1 2 3 255 255 0
}

{ OFF
4 1 4
0 0 0
1 0 0
1 0 1
0 0 1

4 0 1 2 3 255 0 255
}

{ OFF
4 1 4
0 0 0
0 1 0
0 1 1
0 0 1

4 0 1 2 3 0 255 255
}

{ OFF
8 6 12
1 1 1
2 1 1
2 1 2
1 1 2
1 2 2
2 2 2
2 2 1
1 2 1

4 0 1 2 3 40 40 40
4 1 6 5 2 40 40 40
4 6 5 4 7 40 40 40
4 4 3 0 7 40 40 40
4 0 1 6 7 40 40 40
4 3 2 5 4 40 40 40
}

{ OFF
4 1 4
1 1 0
2 1 0
2 2 0
1 2 0

4 0 1 2 3 255 255 0
}

{ OFF
4 1 4
1 0 1
2 0 1
2 0 2
1 0 2

4 0 1 2 3 255 0 255
}

{ OFF
4 1 4
0 1 1
0 2 1
0 2 2
0 1 2

4 0 1 2 3 0 255 255
}

{ OFF
8 6 12
2 2 1
3 2 1
3 2 2
2 2 2
2 3 2
3 3 2
3 3 1
2 3 1

4 0 1 2 3 40 40 40
4 1 6 5 2 40 40 40
4 6 5 4 7 40 40 40
4 4 3 0 7 40 40 40
4 0 1 6 7 40 40 40
4 3 2 5 4 40 40 40
}

{ OFF
4 1 4
2 2 0
3 2 0
3 3 0
2 3 0

4 0 1 2 3 255 255 0
}

{ OFF
4 1 4
2 0 1
3 0 1
3 0 2
2 0 2

4 0 1 2 3 255 0 255
}

{ OFF
4 1 4
0 2 1
0 3 1
0 3 2
0 2 2

4 0 1 2 3 0 255 255
}

{ OFF
8 6 12
3 2 2
4 2 2
4 2 3
3 2 3
3 3 3
4 3 3
4 3 2
3 3 2

4 0 1 2 3 40 40 40
4 1 6 5 2 40 40 40
4 6 5 4 7 40 40 40
4 4 3 0 7 40 40 40
4 0 1 6 7 40 40 40
4 3 2 5 4 40 40 40
}

{ OFF
4 1 4
3 2 0
4 2 0
4 3 0
3 3 0

4 0 1 2 3 255 255 0
}

{ OFF
4 1 4
3 0 2
4 0 2
4 0 3
3 0 3

4 0 1 2 3 255 0 255
}

{ OFF
4 1 4
0 2 2
0 3 2
0 3 3
0 2 3

4 0 1 2 3 0 255 255
}

{ OFF
8 6 12
4 3 3
5 3 3
5 3 4
4 3 4
4 4 4
5 4 4
5 4 3
4 4 3

4 0 1 2 3 40 40 40
4 1 6 5 2 40 40 40
4 6 5 4 7 40 40 40
4 4 3 0 7 40 40 40
4 0 1 6 7 40 40 40
4 3 2 5 4 40 40 40
}

{ OFF
4 1 4
4 3 0
5 3 0
5 4 0
4 4 0

4 0 1 2 3 255 255 0
}

{ OFF
4 1 4
4 0 3
5 0 3
5 0 4
4 0 4

4 0 1 2 3 255 0 255
}

{ OFF
4 1 4
0 3 3
0 4 3
0 4 4
0 3 4

4 0 1 2 3 0 255 255
}

{ OFF
8 6 12
5 4 3
6 4 3
6 4 4
5 4 4
5 5 4
6 5 4
6 5 3
5 5 3

4 0 1 2 3 40 40 40
4 1 6 5 2 40 40 40
4 6 5 4 7 40 40 40
4 4 3 0 7 40 40 40
4 0 1 6 7 40 40 40
4 3 2 5 4 40 40 40
}

{ OFF
4 1 4
5 4 0
6 4 0
6 5 0
5 5 0

4 0 1 2 3 255 255 0
}

{ OFF
4 1 4
5 0 3
6 0 3
6 0 4
5 0 4

4 0 1 2 3 255 0 255
}

{ OFF
4 1 4
0 4 3
0 5 3
0 5 4
0 4 4

4 0 1 2 3 0 255 255
}

{ OFF
8 6 12
6 5 4
7 5 4
7 5 5
6 5 5
6 6 5
7 6 5
7 6 4
6 6 4

4 0 1 2 3 40 40 40
4 1 6 5 2 40 40 40
4 6 5 4 7 40 40 40
4 4 3 0 7 40 40 40
4 0 1 6 7 40 40 40
4 3 2 5 4 40 40 40
}

{ OFF
4 1 4
6 5 0
7 5 0
7 6 0
6 6 0

4 0 1 2 3 255 255 0
}

{ OFF
4 1 4
6 0 4
7 0 4
7 0 5
6 0 5

4 0 1 2 3 255 0 255
}

{ OFF
4 1 4
0 5 4
0 6 4
0 6 5
0 5 5

4 0 1 2 3 0 255 255
}

{ OFF
8 6 12
7 5 4
8 5 4
8 5 5
7 5 5
7 6 5
8 6 5
8 6 4
7 6 4

4 0 1 2 3 40 40 40
4 1 6 5 2 40 40 40
4 6 5 4 7 40 40 40
4 4 3 0 7 40 40 40
4 0 1 6 7 40 40 40
4 3 2 5 4 40 40 40
}

{ OFF
4 1 4
7 5 0
8 5 0
8 6 0
7 6 0

4 0 1 2 3 255 255 0
}

{ OFF
4 1 4
7 0 4
8 0 4
8 0 5
7 0 5

4 0 1 2 3 255 0 255
}

{ OFF
4 1 4
0 5 4
0 6 4
0 6 5
0 5 5

4 0 1 2 3 0 255 255
}

{ OFF
8 6 12
8 6 5
9 6 5
9 6 6
8 6 6
8 7 6
9 7 6
9 7 5
8 7 5

4 0 1 2 3 40 40 40
4 1 6 5 2 40 40 40
4 6 5 4 7 40 40 40
4 4 3 0 7 40 40 40
4 0 1 6 7 40 40 40
4 3 2 5 4 40 40 40
}

{ OFF
4 1 4
8 6 0
9 6 0
9 7 0
8 7 0

4 0 1 2 3 255 255 0
}

{ OFF
4 1 4
8 0 5
9 0 5
9 0 6
8 0 6

4 0 1 2 3 255 0 255
}

{ OFF
4 1 4
0 6 5
0 7 5
0 7 6
0 6 6

4 0 1 2 3 0 255 255
}

{ OFF
8 6 12
9 7 6
10 7 6
10 7 7
9 7 7
9 8 7
10 8 7
10 8 6
9 8 6

4 0 1 2 3 40 40 40
4 1 6 5 2 40 40 40
4 6 5 4 7 40 40 40
4 4 3 0 7 40 40 40
4 0 1 6 7 40 40 40
4 3 2 5 4 40 40 40
}

{ OFF
4 1 4
9 7 0
10 7 0
10 8 0
9 8 0

4 0 1 2 3 255 255 0
}

{ OFF
4 1 4
9 0 6
10 0 6
10 0 7
9 0 7

4 0 1 2 3 255 0 255
}

{ OFF
4 1 4
0 7 6
0 8 6
0 8 7
0 7 7

4 0 1 2 3 0 255 255
}

{ OFF
8 6 12
10 8 6
11 8 6
11 8 7
10 8 7
10 9 7
11 9 7
11 9 6
10 9 6

4 0 1 2 3 40 40 40
4 1 6 5 2 40 40 40
4 6 5 4 7 40 40 40
4 4 3 0 7 40 40 40
4 0 1 6 7 40 40 40
4 3 2 5 4 40 40 40
}

{ OFF
4 1 4
10 8 0
11 8 0
11 9 0
10 9 0

4 0 1 2 3 255 255 0
}

{ OFF
4 1 4
10 0 6
11 0 6
11 0 7
10 0 7

4 0 1 2 3 255 0 255
}

{ OFF
4 1 4
0 8 6
0 9 6
0 9 7
0 8 7

4 0 1 2 3 0 255 255
}

{ OFF
8 6 12
11 8 7
12 8 7
12 8 8
11 8 8
11 9 8
12 9 8
12 9 7
11 9 7

4 0 1 2 3 40 40 40
4 1 6 5 2 40 40 40
4 6 5 4 7 40 40 40
4 4 3 0 7 40 40 40
4 0 1 6 7 40 40 40
4 3 2 5 4 40 40 40
}

{ OFF
4 1 4
11 8 0
12 8 0
12 9 0
11 9 0

4 0 1 2 3 255 255 0
}

{ OFF
4 1 4
11 0 7
12 0 7
12 0 8
11 0 8

4 0 1 2 3 255 0 255
}

{ OFF
4 1 4
0 8 7
0 9 7
0 9 8
0 8 8

4 0 1 2 3 0 255 255
}

{ OFF
8 6 12
12 9 8
13 9 8
13 9 9
12 9 9
12 10 9
13 10 9
13 10 8
12 10 8

4 0 1 2 3 40 40 40
4 1 6 5 2 40 40 40
4 6 5 4 7 40 40 40
4 4 3 0 7 40 40 40
4 0 1 6 7 40 40 40
4 3 2 5 4 40 40 40
}

{ OFF
4 1 4
12 9 0
13 9 0
13 10 0
12 10 0

4 0 1 2 3 255 255 0
}

{ OFF
4 1 4
12 0 8
13 0 8
13 0 9
12 0 9

4 0 1 2 3 255 0 255
}

{ OFF
4 1 4
0 9 8
0 10 8
0 10 9
0 9 9

4 0 1 2 3 0 255 255
}

{ OFF
8 6 12
13 10 8
14 10 8
14 10 9
13 10 9
13 11 9
14 11 9
14 11 8
13 11 8

4 0 1 2 3 40 40 40
4 1 6 5 2 40 40 40
4 6 5 4 7 40 40 40
4 4 3 0 7 40 40 40
4 0 1 6 7 40 40 40
4 3 2 5 4 40 40 40
}

{ OFF
4 1 4
13 10 0
14 10 0
14 11 0
13 11 0

4 0 1 2 3 255 255 0
}

{ OFF
4 1 4
13 0 8
14 0 8
14 0 9
13 0 9

4 0 1 2 3 255 0 255
}

{ OFF
4 1 4
0 10 8
0 11 8
0 11 9
0 10 9

4 0 1 2 3 0 255 255
}

{ OFF
8 6 12
14 11 9
15 11 9
15 11 10
14 11 10
14 12 10
15 12 10
15 12 9
14 12 9

4 0 1 2 3 40 40 40
4 1 6 5 2 40 40 40
4 6 5 4 7 40 40 40
4 4 3 0 7 40 40 40
4 0 1 6 7 40 40 40
4 3 2 5 4 40 40 40
}

{ OFF
4 1 4
14 11 0
15 11 0
15 12 0
14 12 0

4 0 1 2 3 255 255 0
}

{ OFF
4 1 4
14 0 9
15 0 9
15 0 10
14 0 10

4 0 1 2 3 255 0 255
}

{ OFF
4 1 4
0 11 9
0 12 9
0 12 10
0 11 10

4 0 1 2 3 0 255 255
}

{ OFF
8 6 12
15 11 9
16 11 9
16 11 10
15 11 10
15 12 10
16 12 10
16 12 9
15 12 9

4 0 1 2 3 40 40 40
4 1 6 5 2 40 40 40
4 6 5 4 7 40 40 40
4 4 3 0 7 40 40 40
4 0 1 6 7 40 40 40
4 3 2 5 4 40 40 40
}

{ OFF
4 1 4
15 11 0
16 11 0
16 12 0
15 12 0

4 0 1 2 3 255 255 0
}

{ OFF
4 1 4
15 0 9
16 0 9
16 0 10
15 0 10

4 0 1 2 3 255 0 255
}

{ OFF
4 1 4
0 11 9
0 12 9
0 12 10
0 11 10

4 0 1 2 3 0 255 255
}

{ OFF
8 6 12
16 12 10
17 12 10
17 12 11
16 12 11
16 13 11
17 13 11
17 13 10
16 13 10

4 0 1 2 3 40 40 40
4 1 6 5 2 40 40 40
4 6 5 4 7 40 40 40
4 4 3 0 7 40 40 40
4 0 1 6 7 40 40 40
4 3 2 5 4 40 40 40
}

{ OFF
4 1 4
16 12 0
17 12 0
17 13 0
16 13 0

4 0 1 2 3 255 255 0
}

{ OFF
4 1 4
16 0 10
17 0 10
17 0 11
16 0 11

4 0 1 2 3 255 0 255
}

{ OFF
4 1 4
0 12 10
0 13 10
0 13 11
0 12 11

4 0 1 2 3 0 255 255
}

{ OFF
8 6 12
17 13 11
18 13 11
18 13 12
17 13 12
17 14 12
18 14 12
18 14 11
17 14 11

4 0 1 2 3 40 40 40
4 1 6 5 2 40 40 40
4 6 5 4 7 40 40 40
4 4 3 0 7 40 40 40
4 0 1 6 7 40 40 40
4 3 2 5 4 40 40 40
}

{ OFF
4 1 4
17 13 0
18 13 0
18 14 0
17 14 0

4 0 1 2 3 255 255 0
}

{ OFF
4 1 4
17 0 11
18 0 11
18 0 12
17 0 12

4 0 1 2 3 255 0 255
}

{ OFF
4 1 4
0 13 11
0 14 11
0 14 12
0 13 12

4 0 1 2 3 0 255 255
}

{ OFF
8 6 12
18 14 11
19 14 11
19 14 12
18 14 12
18 15 12
19 15 12
19 15 11
18 15 11

4 0 1 2 3 40 40 40
4 1 6 5 2 40 40 40
4 6 5 4 7 40 40 40
4 4 3 0 7 40 40 40
4 0 1 6 7 40 40 40
4 3 2 5 4 40 40 40
}

{ OFF
4 1 4
18 14 0
19 14 0
19 15 0
18 15 0

4 0 1 2 3 255 255 0
}

{ OFF
4 1 4
18 0 11
19 0 11
19 0 12
18 0 12

4 0 1 2 3 255 0 255
}

{ OFF
4 1 4
0 14 11
0 15 11
0 15 12
0 14 12

4 0 1 2 3 0 255 255
}

{ OFF
8 6 12
19 14 12
20 14 12
20 14 13
19 14 13
19 15 13
20 15 13
20 15 12
19 15 12

4 0 1 2 3 40 40 40
4 1 6 5 2 40 40 40
4 6 5 4 7 40 40 40
4 4 3 0 7 40 40 40
4 0 1 6 7 40 40 40
4 3 2 5 4 40 40 40
}

{ OFF
4 1 4
19 14 0
20 14 0
20 15 0
19 15 0

4 0 1 2 3 255 255 0
}

{ OFF
4 1 4
19 0 12
20 0 12
20 0 13
19 0 13

4 0 1 2 3 255 0 255
}

{ OFF
4 1 4
0 14 12
0 15 12
0 15 13
0 14 13

4 0 1 2 3 0 255 255
}

{ OFF
8 6 12
20 15 13
21 15 13
21 15 14
20 15 14
20 16 14
21 16 14
21 16 13
20 16 13

4 0 1 2 3 40 40 40
4 1 6 5 2 40 40 40
4 6 5 4 7 40 40 40
4 4 3 0 7 40 40 40
4 0 1 6 7 40 40 40
4 3 2 5 4 40 40 40
}

{ OFF
4 1 4
20 15 0
21 15 0
21 16 0
20 16 0

4 0 1 2 3 255 255 0
}

{ OFF
4 1 4
20 0 13
21 0 13
21 0 14
20 0 14

4 0 1 2 3 255 0 255
}

{ OFF
4 1 4
0 15 13
0 16 13
0 16 14
0 15 14

4 0 1 2 3 0 255 255
}

{ OFF
8 6 12
21 16 13
22 16 13
22 16 14
21 16 14
21 17 14
22 17 14
22 17 13
21 17 13

4 0 1 2 3 40 40 40
4 1 6 5 2 40 40 40
4 6 5 4 7 40 40 40
4 4 3 0 7 40 40 40
4 0 1 6 7 40 40 40
4 3 2 5 4 40 40 40
}

{ OFF
4 1 4
21 16 0
22 16 0
22 17 0
21 17 0

4 0 1 2 3 255 255 0
}

{ OFF
4 1 4
21 0 13
22 0 13
22 0 14
21 0 14

4 0 1 2 3 255 0 255
}

{ OFF
4 1 4
0 16 13
0 17 13
0 17 14
0 16 14

4 0 1 2 3 0 255 255
}

{ OFF
8 6 12
22 17 14
23 17 14
23 17 15
22 17 15
22 18 15
23 18 15
23 18 14
22 18 14

4 0 1 2 3 40 40 40
4 1 6 5 2 40 40 40
4 6 5 4 7 40 40 40
4 4 3 0 7 40 40 40
4 0 1 6 7 40 40 40
4 3 2 5 4 40 40 40
}

{ OFF
4 1 4
22 17 0
23 17 0
23 18 0
22 18 0

4 0 1 2 3 255 255 0
}

{ OFF
4 1 4
22 0 14
23 0 14
23 0 15
22 0 15

4 0 1 2 3 255 0 255
}

{ OFF
4 1 4
0 17 14
0 18 14
0 18 15
0 17 15

4 0 1 2 3 0 255 255
}

{ OFF
8 6 12
23 17 14
24 17 14
24 17 15
23 17 15
23 18 15
24 18 15
24 18 14
23 18 14

4 0 1 2 3 40 40 40
4 1 6 5 2 40 40 40
4 6 5 4 7 40 40 40
4 4 3 0 7 40 40 40
4 0 1 6 7 40 40 40
4 3 2 5 4 40 40 40
}

{ OFF
4 1 4
23 17 0
24 17 0
24 18 0
23 18 0

4 0 1 2 3 255 255 0
}

{ OFF
4 1 4
23 0 14
24 0 14
24 0 15
23 0 15

4 0 1 2 3 255 0 255
}

{ OFF
4 1 4
0 17 14
0 18 14
0 18 15
0 17 15

4 0 1 2 3 0 255 255
}

{ OFF
8 6 12
24 18 15
25 18 15
25 18 16
24 18 16
24 19 16
25 19 16
25 19 15
24 19 15

4 0 1 2 3 40 40 40
4 1 6 5 2 40 40 40
4 6 5 4 7 40 40 40
4 4 3 0 7 40 40 40
4 0 1 6 7 40 40 40
4 3 2 5 4 40 40 40
}

{ OFF
4 1 4
24 18 0
25 18 0
25 19 0
24 19 0

4 0 1 2 3 255 255 0
}

{ OFF
4 1 4
24 0 15
25 0 15
25 0 16
24 0 16

4 0 1 2 3 255 0 255
}

{ OFF
4 1 4
0 18 15
0 19 15
0 19 16
0 18 16

4 0 1 2 3 0 255 255
}

{ OFF
8 6 12
25 19 16
26 19 16
26 19 17
25 19 17
25 20 17
26 20 17
26 20 16
25 20 16

4 0 1 2 3 40 40 40
4 1 6 5 2 40 40 40
4 6 5 4 7 40 40 40
4 4 3 0 7 40 40 40
4 0 1 6 7 40 40 40
4 3 2 5 4 40 40 40
}

{ OFF
4 1 4
25 19 0
26 19 0
26 20 0
25 20 0

4 0 1 2 3 255 255 0
}

{ OFF
4 1 4
25 0 16
26 0 16
26 0 17
25 0 17

4 0 1 2 3 255 0 255
}

{ OFF
4 1 4
0 19 16
0 20 16
0 20 17
0 19 17

4 0 1 2 3 0 255 255
}

{ OFF
8 6 12
26 20 16
27 20 16
27 20 17
26 20 17
26 21 17
27 21 17
27 21 16
26 21 16

4 0 1 2 3 40 40 40
4 1 6 5 2 40 40 40
4 6 5 4 7 40 40 40
4 4 3 0 7 40 40 40
4 0 1 6 7 40 40 40
4 3 2 5 4 40 40 40
}

{ OFF
4 1 4
26 20 0
27 20 0
27 21 0
26 21 0

4 0 1 2 3 255 255 0
}

{ OFF
4 1 4
26 0 16
27 0 16
27 0 17
26 0 17

4 0 1 2 3 255 0 255
}

{ OFF
4 1 4
0 20 16
0 21 16
0 21 17
0 20 17

4 0 1 2 3 0 255 255
}

{ OFF
8 6 12
27 20 17
28 20 17
28 20 18
27 20 18
27 21 18
28 21 18
28 21 17
27 21 17

4 0 1 2 3 40 40 40
4 1 6 5 2 40 40 40
4 6 5 4 7 40 40 40
4 4 3 0 7 40 40 40
4 0 1 6 7 40 40 40
4 3 2 5 4 40 40 40
}

{ OFF
4 1 4
27 20 0
28 20 0
28 21 0
27 21 0

4 0 1 2 3 255 255 0
}

{ OFF
4 1 4
27 0 17
28 0 17
28 0 18
27 0 18

4 0 1 2 3 255 0 255
}

{ OFF
4 1 4
0 20 17
0 21 17
0 21 18
0 20 18

4 0 1 2 3 0 255 255
}

{ OFF
8 6 12
28 21 18
29 21 18
29 21 19
28 21 19
28 22 19
29 22 19
29 22 18
28 22 18

4 0 1 2 3 40 40 40
4 1 6 5 2 40 40 40
4 6 5 4 7 40 40 40
4 4 3 0 7 40 40 40
4 0 1 6 7 40 40 40
4 3 2 5 4 40 40 40
}

{ OFF
4 1 4
28 21 0
29 21 0
29 22 0
28 22 0

4 0 1 2 3 255 255 0
}

{ OFF
4 1 4
28 0 18
29 0 18
29 0 19
28 0 19

4 0 1 2 3 255 0 255
}

{ OFF
4 1 4
0 21 18
0 22 18
0 22 19
0 21 19

4 0 1 2 3 0 255 255
}

{ OFF
8 6 12
29 22 18
30 22 18
30 22 19
29 22 19
29 23 19
30 23 19
30 23 18
29 23 18

4 0 1 2 3 40 40 40
4 1 6 5 2 40 40 40
4 6 5 4 7 40 40 40
4 4 3 0 7 40 40 40
4 0 1 6 7 40 40 40
4 3 2 5 4 40 40 40
}

{ OFF
4 1 4
29 22 0
30 22 0
30 23 0
29 23 0

4 0 1 2 3 255 255 0
}

{ OFF
4 1 4
29 0 18
30 0 18
30 0 19
29 0 19

4 0 1 2 3 255 0 255
}

{ OFF
4 1 4
0 22 18
0 23 18
0 23 19
0 22 19

4 0 1 2 3 0 255 255
}

{ OFF
8 6 12
30 23 19
31 23 19
31 23 20
30 23 20
30 24 20
31 24 20
31 24 19
30 24 19

4 0 1 2 3 40 40 40
4 1 6 5 2 40 40 40
4 6 5 4 7 40 40 40
4 4 3 0 7 40 40 40
4 0 1 6 7 40 40 40
4 3 2 5 4 40 40 40
}

{ OFF
4 1 4
30 23 0
31 23 0
31 24 0
30 24 0

4 0 1 2 3 255 255 0
}

{ OFF
4 1 4
30 0 19
31 0 19
31 0 20
30 0 20

4 0 1 2 3 255 0 255
}

{ OFF
4 1 4
0 23 19
0 24 19
0 24 20
0 23 20

4 0 1 2 3 0 255 255
}

{ OFF
8 6 12
31 23 19
32 23 19
32 23 20
31 23 20
31 24 20
32 24 20
32 24 19
31 24 19

4 0 1 2 3 40 40 40
4 1 6 5 2 40 40 40
4 6 5 4 7 40 40 40
4 4 3 0 7 40 40 40
4 0 1 6 7 40 40 40
4 3 2 5 4 40 40 40
}

{ OFF
4 1 4
31 23 0
32 23 0
32 24 0
31 24 0

4 0 1 2 3 255 255 0
}

{ OFF
4 1 4
31 0 19
32 0 19
32 0 20
31 0 20

4 0 1 2 3 255 0 255
}

{ OFF
4 1 4
0 23 19
0 24 19
0 24 20
0 23 20

4 0 1 2 3 0 255 255
}

{ OFF
8 6 12
32 24 20
33 24 20
33 24 21
32 24 21
32 25 21
33 25 21
33 25 20
32 25 20

4 0 1 2 3 40 40 40
4 1 6 5 2 40 40 40
4 6 5 4 7 40 40 40
4 4 3 0 7 40 40 40
4 0 1 6 7 40 40 40
4 3 2 5 4 40 40 40
}

{ OFF
4 1 4
32 24 0
33 24 0
33 25 0
32 25 0

4 0 1 2 3 255 255 0
}

{ OFF
4 1 4
32 0 20
33 0 20
33 0 21
32 0 21

4 0 1 2 3 255 0 255
}

{ OFF
4 1 4
0 24 20
0 25 20
0 25 21
0 24 21

4 0 1 2 3 0 255 255
}

{ OFF
8 6 12
33 25 21
34 25 21
34 25 22
33 25 22
33 26 22
34 26 22
34 26 21
33 26 21

4 0 1 2 3 40 40 40
4 1 6 5 2 40 40 40
4 6 5 4 7 40 40 40
4 4 3 0 7 40 40 40
4 0 1 6 7 40 40 40
4 3 2 5 4 40 40 40
}

{ OFF
4 1 4
33 25 0
34 25 0
34 26 0
33 26 0

4 0 1 2 3 255 255 0
}

{ OFF
4 1 4
33 0 21
34 0 21
34 0 22
33 0 22

4 0 1 2 3 255 0 255
}

{ OFF
4 1 4
0 25 21
0 26 21
0 26 22
0 25 22

4 0 1 2 3 0 255 255
}

{ OFF
8 6 12
34 26 21
35 26 21
35 26 22
34 26 22
34 27 22
35 27 22
35 27 21
34 27 21

4 0 1 2 3 40 40 40
4 1 6 5 2 40 40 40
4 6 5 4 7 40 40 40
4 4 3 0 7 40 40 40
4 0 1 6 7 40 40 40
4 3 2 5 4 40 40 40
}

{ OFF
4 1 4
34 26 0
35 26 0
35 27 0
34 27 0

4 0 1 2 3 255 255 0
}

{ OFF
4 1 4
34 0 21
35 0 21
35 0 22
34 0 22

4 0 1 2 3 255 0 255
}

{ OFF
4 1 4
0 26 21
0 27 21
0 27 22
0 26 22

4 0 1 2 3 0 255 255
}

{ OFF
8 6 12
35 26 22
36 26 22
36 26 23
35 26 23
35 27 23
36 27 23
36 27 22
35 27 22

4 0 1 2 3 40 40 40
4 1 6 5 2 40 40 40
4 6 5 4 7 40 40 40
4 4 3 0 7 40 40 40
4 0 1 6 7 40 40 40
4 3 2 5 4 40 40 40
}

{ OFF
4 1 4
35 26 0
36 26 0
36 27 0
35 27 0

4 0 1 2 3 255 255 0
}

{ OFF
4 1 4
35 0 22
36 0 22
36 0 23
35 0 23

4 0 1 2 3 255 0 255
}

{ OFF
4 1 4
0 26 22
0 27 22
0 27 23
0 26 23

4 0 1 2 3 0 255 255
}

{ OFF
8 6 12
36 27 23
37 27 23
37 27 24
36 27 24
36 28 24
37 28 24
37 28 23
36 28 23

4 0 1 2 3 40 40 40
4 1 6 5 2 40 40 40
4 6 5 4 7 40 40 40
4 4 3 0 7 40 40 40
4 0 1 6 7 40 40 40
4 3 2 5 4 40 40 40
}

{ OFF
4 1 4
36 27 0
37 27 0
37 28 0
36 28 0

4 0 1 2 3 255 255 0
}

{ OFF
4 1 4
36 0 23
37 0 23
37 0 24
36 0 24

4 0 1 2 3 255 0 255
}

{ OFF
4 1 4
0 27 23
0 28 23
0 28 24
0 27 24

4 0 1 2 3 0 255 255
}

{ OFF
8 6 12
37 28 23
38 28 23
38 28 24
37 28 24
37 29 24
38 29 24
38 29 23
37 29 23

4 0 1 2 3 40 40 40
4 1 6 5 2 40 40 40
4 6 5 4 7 40 40 40
4 4 3 0 7 40 40 40
4 0 1 6 7 40 40 40
4 3 2 5 4 40 40 40
}

{ OFF
4 1 4
37 28 0
38 28 0
38 29 0
37 29 0

4 0 1 2 3 255 255 0
}

{ OFF
4 1 4
37 0 23
38 0 23
38 0 24
37 0 24

4 0 1 2 3 255 0 255
}

{ OFF
4 1 4
0 28 23
0 29 23
0 29 24
0 28 24

4 0 1 2 3 0 255 255
}

{ OFF
8 6 12
38 29 24
39 29 24
39 29 25
38 29 25
38 30 25
39 30 25
39 30 24
38 30 24

4 0 1 2 3 40 40 40
4 1 6 5 2 40 40 40
4 6 5 4 7 40 40 40
4 4 3 0 7 40 40 40
4 0 1 6 7 40 40 40
4 3 2 5 4 40 40 40
}

{ OFF
4 1 4
38 29 0
39 29 0
39 30 0
38 30 0

4 0 1 2 3 255 255 0
}

{ OFF
4 1 4
38 0 24
39 0 24
39 0 25
38 0 25

4 0 1 2 3 255 0 255
}

{ OFF
4 1 4
0 29 24
0 30 24
0 30 25
0 29 25

4 0 1 2 3 0 255 255
}

{ OFF
8 6 12
39 29 24
40 29 24
40 29 25
39 29 25
39 30 25
40 30 25
40 30 24
39 30 24

4 0 1 2 3 40 40 40
4 1 6 5 2 40 40 40
4 6 5 4 7 40 40 40
4 4 3 0 7 40 40 40
4 0 1 6 7 40 40 40
4 3 2 5 4 40 40 40
}

{ OFF
4 1 4
39 29 0
40 29 0
40 30 0
39 30 0

4 0 1 2 3 255 255 0
}

{ OFF
4 1 4
39 0 24
40 0 24
40 0 25
39 0 25

4 0 1 2 3 255 0 255
}

{ OFF
4 1 4
0 29 24
0 30 24
0 30 25
0 29 25

4 0 1 2 3 0 255 255
}

{ OFF
8 6 12
40 30 25
41 30 25
41 30 26
40 30 26
40 31 26
41 31 26
41 31 25
40 31 25

4 0 1 2 3 40 40 40
4 1 6 5 2 40 40 40
4 6 5 4 7 40 40 40
4 4 3 0 7 40 40 40
4 0 1 6 7 40 40 40
4 3 2 5 4 40 40 40
}

{ OFF
4 1 4
40 30 0
41 30 0
41 31 0
40 31 0

4 0 1 2 3 255 255 0
}

{ OFF
4 1 4
40 0 25
41 0 25
41 0 26
40 0 26

4 0 1 2 3 255 0 255
}

{ OFF
4 1 4
0 30 25
0 31 25
0 31 26
0 30 26

4 0 1 2 3 0 255 255
}

